2093857
525919
2093742
360107
2725666
244566
853
334413
2081703
54005
39488
54006
2479767
182773
649756
39950
2582419
2161821
411470
2564099
105841
562
1898203
515620
515619
47878
2507162
2109690
623
2585117
114527
347253
1497
2086584
200
2724150
697329
185007
2107999
28037
128780
1834198
84032
394503
301301
553973
2690380
40215
33035
1550024
1308
1871021
1870984
283734
239935
536231
2109687
1343
610130
33040
246787
470
435590
1458465
2664291
299767
1282
565651
29388
2585118
2144175
1834196
158836
626937
742737
29380
208479
2320858
2109688
1328
38289
1351755
2303505
39778
29466
74426
1596
1352
2585119
1303
712633
371601
2109692
1194971
1283
29459
29347
358
428406
1433513
1280
89152
679935
1379
2610895
991789
98228
433286
2109691
720554
621
1297617
1912856
1825069
76857
1296
1852373
292800
712710
1812935
1589
901
29343
1398
102684
617123
1911586
762982
1679721
36874
1294
2093856
28035
28132
158877
368607
729
511691
85404
47883
1042156
1505
946333
29394
2003188
287
820
44742
1590
545
13689
53344
1032069
1335
663278
693746
57706
78535
2584944
1496
2599308
147802
1752398
1712675
1338
837
1160721
823
1177574
2696063
818
2025876
622
248315
360104
381
113107
55508
414778
2494234
587753
1313
39777
573
1504
2044467
185008
266779
573061
357809
2021971
2652307
1888195
70258
997877
28135
537007
33033
46125
29581
350688
1134687
1615494
847
87541
1868794
568816
1519
29385
204042
343509
1571
1245471
693444
1408186
2382163
1305
119206
1492
760570
691
2283160
61645
553
321846
1392
1654388
1404
1849491
2583452
1912795
1572656
1353
28901
29382
2715212
138532
203275
28116
889201
83683
2696060
67780
591001
584
34062
43263
638
51161
633
1440052
693216
76758
264731
134534
994476
321983
83771
1613
267747
2478464
109790
1587
1051650
128574
1938606
585
747
47879
208596
614
2490633
134
294
430522
83655
548479
329854
358220
305
720
28118
47885
380021
66269
160453
150055
300
1229621
537973
1867719
451876
301
2086585
1307
1454377
2066051
768486
1499973
198618
28131
237610
1891675
1600
86185
54291
1834205
47917
748678
51665
588
190721
575
278148
465817
1463158
2304606
83617
408
927704
54736
1805431
137545
108981
40214
565
571
2173034
76761
1292
548
53345
2488810
554
61648
1346
1073999
546
1290
28151
529
880074
1345
2748
200450
133448
767817
1314884
29430
47770
2579935
33011
881260
680
891974
104087
754
316
1314
303
2576606
648
374606
654
103796
52242
158627
1310
564
2714946
470933
1054460
1920128
2718
546269
981540
33945
47678
315405
28129
1116231
521095
29391
244366
726
195103
47421
1702170
2507161
33025
1366
469616
1582259
490
1765049
78398
76123
445974
908937
28141
36845
879243
488
218144
575614
1276282
84135
241244
862968
550
53346
119602
1302
1463164
637910
43768
1236517
1599
40041
1266845
44008
582
203119
712411
699246
1340
1511
1348
1234378
417368
865
1296669
293826
624
2025492
618
41202
2681309
1598
1588
61652
526944
2496265
2108399
223967
104955
2487118
1303590
154288
587
400065
82348
712310
2005703
945021
2751
149016
515622
60519
1712410
208223
1216932
35787
1641
1484158
24
53336
395495
639200
931626
1223802
2728020
983917
169679
866775
28152
100225
1660
1677857
708126
1288495
1128398
28449
1528099
52773
223919
290335
535289
1016987
568768
985762
663
128944
2545799
138074
615
824
703
2506420
546271
1326
394958
888050
670
66692
1548
308354
208224
727
633147
1267562
671223
1768242
137591
519472
862962
2025949
84022
693986
1441930
61647
76731
2041044
2342
1702221
1332080
76947
1424294
1246
636
665914
1805478
293387
2109914
484
296
327575
536
237258
1286
85698
487
29486
1639133
120107
1847728
645
931276
634499
628
1385937
1670800
492670
205921
1549858
860
732
1884263
1523415
1560345
1423
160825
249188
2663009
1620421
412384
539
1639
2584943
364410
607712
653931
82987
485
1583
152682
483
262209
363952
273677
1019
267212
279238
759620
1815583
1274
715
135719
13690
51515
738
1288
1853276
1842540
2072025
260554
86664
335406
489
1029756
76759
298596
486
1583098
1642
163877
2040624
1196094
326523
59803
1484693
199441
194197
859143
228899
504
51664
2133944
75985
561879
240015
1643
297352
93064
105219
1963032
1969806
1925021
41276
214473
180282
2589080
378753
667015
2592653
43990
1428
2711215
2666100
28113
2036206
749
1208342
1750719
1609977
728
2651284
479437
1853278
469615
122355
1003239
1453495
2030797
1656
563797
424800
330920
2572923
1850238
1235827
2697032
1452
1349
2109915
2058136
391592
1111760
985002
1123269
470934
1263831
1785995
495
1259973
1530123
1082851
94625
187101
190148
1852022
1355477
375
1926868
72361
2172098
553814
1522
1235591
1404367
861109
2098
1796646
943830
393921
1678728
2126319
2712222
1325115
420662
452662
75588
1546149
1972431
61646
1390
1245469
1325090
285
1736
108980
1549949
563
436515
266835
497725
504832
1670641
1514105
2304600
81479
376686
1648923
29429
367190
1085647
1402861
1219035
251229
964
1069534
2559597
945844
863372
2082949
929102
2047
871742
2528037
2045202
568703
1707785
2045208
1796613
1141883
271865
469378
2576904
296591
2509614
395965
401472
391905
158500
2072590
92645
569860
1763363
1618022
2707299
450378
1855823
1173026
665913
1273132
1807358
2082386
227605
2562284
519
1882682
571256
1850374
150056
1337936
225992
1852377
156978
1678129
2233851
1247726
182337
376174
1367847
28090
1077935
713059
888057
2500532
94
1655
29379
43675
1017
712122
538381
85336
386
438753
83263
170573
1905288
234267
745776
488447
2714924
883
1585
1487956
392499
28450
391735
95486
2082188
482957
2202827
2490853
57975
35703
1833
46126
690566
396513
161899
155085
692370
1673076
80869
337
588932
382
795665
1491
648995
48296
2726427
742013
879274
293
217203
1842534
28104
1325724
1921510
82367
119219
87883
2018065
1208324
373
2060312
34004
32002
1612173
419475
160699
398578
402881
1526658
28038
1930764
204
1397
1270
1867715
1474
375549
90245
2591633
279058
106648
756892
40324
2495645
694427
34085
648757
245188
246200
2508306
515393
28091
1920883
2579971
96942
273384
1310165
1447062
1564506
2033435
596154
2490939
2065379
2494550
392593
540747
1250539
1075
1545044
2587853
2599296
68895
2109913
480
2725684
326522
147645
1396826
1109412
70775
864828
1695218
633807
2341112
76760
1756988
2153354
643561
569
577
1423723
2697019
2071710
1686310
67824
552
157782
13373
758
47884
198620
98785
196
33932
79604
735
2220096
1349819
59814
485917
82985
1619313
82983
1805933
641147
82633
487838
35814
367825
1007105
861299
96344
155892
194196
407035
338969
1712261
69665
2756
225084
714
79329
1658672
85402
1648
111844
128785
206
51049
661481
1130798
661488
1842727
2676868
1492898
1282356
1629
437897
712357
29378
365046
2029983
2499144
63
363835
1377
2377
1196031
1176536
1659
1481923
47671
718
544580
2211211
796606
468911
435
700598
2023229
64187
52771
1402
1045317
2184083
1661
1933912
1920107
1448139
321327
196024
311182
1134435
1208104
1735038
948519
41977
76114
549
2268024
75379
520455
2027405
522306
1188319
386874
82654
1122214
99598
111015
1173022
1088721
29461
272123
297
106592
580332
321984
1076550
546367
418699
580165
1789224
61015
1914471
2182384
1647413
189834
292415
1235834
323097
189381
1312183
2058624
417367
1079
1335048
195105
35841
123899
1275962
179408
2231055
2005884
261164
1458426
1699624
159087
1333996
1813821
292
2217913
1300342
95485
339670
1503055
1503054
488729
1444770
469383
2303750
2571748
1028801
152500
151783
169430
60552
1825976
262324
243275
2026624
101571
496014
1182568
1138822
1063
418223
661478
2704465
204773
257708
1855912
477641
595537
908290
2070347
2057741
39960
1804990
938155
1005048
363852
2488560
1441467
188932
2603292
246432
216142
1973484
1176646
1120045
359
1892855
1809410
1605
1783501
279826
2715678
523794
28095
41899
109472
203
157687
172042
342113
505
1476577
556499
488446
488731
1827469
60550
265293
488732
157691
882378
2705548
109328
1332188
1660080
520
1179670
267818
2518599
1633
93218
1469502
93222
269673
576610
445709
754502
1891094
93221
682634
2026199
1823760
1229205
1750
2479393
1329
237609
33069
192812
456
267128
1268635
454
45056
45065
246
2211140
270351
1617967
71999
401053
134537
1664069
72360
2703788
1467
2202825
1426
1348774
1146883
1170318
1252
233412
2498451
116090
1324350
157688
762
2724619
554406
1440763
1969821
123824
152268
202954
2136182
525903
1906744
46127
153496
652
120045
518
1408
458233
656178
1081866
640030
2052660
1173263
48664
42858
1231624
572547
195709
476157
312306
698761
2048897
1842536
446860
2601898
279113
1768108
115778
1813880
2080419
2202254
546414
1598147
459472
53458
2719588
1182571
2714941
46679
28031
1288484
1008459
1309411
1193713
2071607
2594265
758793
1690220
857417
317577
182710
1550728
1265445
1367477
266951
1658665
1945662
1404768
323098
2496847
1325107
674703
135740
460265
1267766
444444
1634516
272568
316056
1576550
476
2163011
2099387
1553431
904039
580340
2566013
450
1416914
290340
421525
2729175
1241982
266749
2233999
187491
1348662
266
2664374
37448
573737
93219
959
216778
365044
477680
1813871
1349754
28087
2604421
929713
1622
452
2502779
2315862
1585976
1234841
1532023
2703789
551996
1550579
66969
33050
1515612
449
78245
1479
69666
450851
1898474
2201350
69395
1437875
1437824
2231053
1679497
1272
347834
293958
1207504
92647
317655
1842535
52
1727164
453783
336820
240521
1482074
475662
1274631
1897729
398580
564137
2500533
2587844
380
2169400
1915078
2294119
2698682
946483
2714945
401471
2714936
669502
2494374
314722
2707005
562959
79263
33967
1389192
398527
649638
1262470
531844
253
2590016
2518371
2725558
2014887
1176587
46234
1173027
37928
2594913
1295
86665
759362
1411902
2483033
595536
2602067
526225
2683284
2587858
2715211
74033
2070369
92947
426355
1294273
1402135
655015
2699395
28448
2587163
2708020
91890
1212491
118163
1867846
451
1288636
1520
1333534
421767
162209
2005469
2016101
317936
452863
2571029
55211
543877
207340
2070337
386490
929813
400770
1082931
2590774
37927
84531
380358
69218
2175091
1784713
2714935
78587
1978229
74329
1758689
1384459
521674
33934
65959
37921
335284
395494
111831
1938604
556325
171865
2567881
1061
1275
639283
2591109
1261131
2541726
1499308
1639348
438
56
2211108
683042
169480
398511
65958
1112
1411621
2528642
502682
1784719
361183
1703
1620215
46256
1547283
2654326
2663022
1045855
319795
862719
537
497965
29384
2592334
2341117
1379270
379066
1850250
1891787
2552942
1116391
2652177
682798
1101443
1940612
69
259536
643214
74829
1482
2587842
2419842
2017483
743973
926570
1874061
2500548
2547962
1441629
1745854
233795
286134
218034
83427
189668
237777
238202
370803
42895
71237
1293
167973
1337
218066
158751
208544
114707
591969
83428
35783
592375
167972
284011
152508
194846
1638
239175
1849603
153152
678
390517
1399
616
263771
200446
263763
566
208546
237779
169973
1701
286549
208549
51785
218084
469551
291577
257462
71433
1306528
263769
155567
89772
271151
43617
46124
458248
253813
47229
267632
2014805
33051
28101
160236
538666
407152
158754
293405
110322
241413
215603
169976
69974
1673
425306
199684
316089
475067
83624
1004279
492774
157277
391287
242828
69279
314238
352475
114715
165433
754035
316087
102683
472175
114708
370959
94626
241416
39844
158749
60454
82995
344880
185950
354352
237612
563996
640081
670307
717785
1163617
106590
1982042
2683272
395963
88688
1608628
1208923
206506
886478
267629
200476
1926307
269069
93063
157278
292277
658225
159268
151985
47958
68892
176090
499997
76891
29427
2282524
182690
48936
165437
1234680
74696
144191
328225
663950
248082
478748
114710
414703
327691
40682
291985
310581
237611
310579
346640
155911
575414
59620
399103
28212
33052
1044
257003
227949
239730
188058
267135
1763824
225971
40681
310400
1161202
1940456
35811
185949
1416806
521
265072
1414854
463014
1851544
1323664
887061
1267577
1391654
1288494
1581680
1036672
1636152
1176533
266940
1986146
2576902
1313172
243233
1914871
315271
2005462
41431
2064643
1173025
76335
240292
1954171
1472755
2709380
1909293
1756993
395961
1261031
2005460
2653204
1170562
1751286
1228987
2419774
2038116
2576903
2572090
1262449
323848
1246955
63737
406548
211457
151416
1259676
249061
108015
219572
862126
1458985
65393
