1523415
28037
653931
335406
33011
93064
1433513
1560345
1355477
152682
1303
1313
1054460
1896196
37762
375
1404367
1734925
671223
1325095
1549949
1270
192812
1549858
190148
2675225
424800
1267766
889201
13689
1892855
1325115
1609977
1550728
1275962
683042
82654
1245469
1179670
39960
1176536
1076
674703
1921510
100225
758678
1750719
363835
113107
2725558
2711215
1487956
1176646
392499
1282
1071078
525919
2478912
1088721
521095
84110
74426
1648404
431947
203275
1870984
2714926
712710
469378
386874
1913578
36874
2026624
2490939
621
76947
1045317
2060312
2057741
435590
334413
526944
760570
1304
1411621
29466
2714946
1839799
1550024
853
33945
160453
441620
51665
218144
1377
401472
866775
1280
60519
1335
29388
2696060
87541
1308
2202825
119206
2506420
945021
1123269
1599
768486
208596
712116
418223
43768
128944
693986
1353
29380
46125
1290
1583
28035
44008
2496265
519472
1275
290335
1325107
2021971
1888195
408
1266845
1305
2507162
1160721
53345
1911586
2675878
1868794
170573
1343
1292
1352
137591
51664
943830
2748
544580
1234679
2233851
37734
663278
1288
1295
111831
264203
158500
1286
1404768
708126
1283
29382
502682
1315974
228899
1805431
908290
270351
45972
79880
29343
1274
187491
323098
1532023
985762
1572656
1850238
189381
1441467
2161821
246194
39778
308354
37482
283734
1891644
426355
1656
624315
759620
904039
1206105
2500532
38289
2714941
2725684
34062
28090
37927
39950
756892
147802
1219035
1708
1690220
2582419
2594265
1891787
1193712
446469
857417
1408189
1155384
1813880
1725
214473
2567883
1561023
53458
2420313
53346
1340
2683590
1399115
145458
262209
1292359
1515612
2589797
138532
471856
135719
29430
1520670
1171373
2493639
564
1658671
1884913
1784719
1050174
1423822
361183
53358
1781
1437874
1393
1752
1170318
580340
2478663
2725563
572547
273384
484770
246
1703
525903
459858
698965
253
1124835
1004901
2601894
244734
1241981
546271
266749
1935379
1685010
545695
149016
2057246
443144
2170745
496014
744872
374923
1236179
267747
1528099
1397
40324
74329
2579977
621456
41276
128780
1325090
28038
1037409
1670641
54005
1588
861299
1032069
2303750
580165
83333
2304606
46256
565651
2751
1467
588932
279826
1564681
1196031
498213
1404864
182710
2183911
1742359
2651284
2663022
1660
156978
421767
1428
1972068
33932
386490
43675
1006155
633807
2419772
1454382
702967
86664
1670
859143
1404
2058136
1309807
1860122
1458253
1138822
938155
1423833
396588
1034836
218284
293
2666185
1367477
1349754
754477
279238
492670
1354
37332
1442136
1249
1510150
1705
2081703
1178515
1281578
1392
908937
195105
1325724
766760
1208342
52242
1585
99822
1547283
396595
1925021
88688
1335048
1912795
1553431
926
1045855
2005703
1112
2714936
392416
450378
1357916
2293838
1402
94
1314
161896
56458
2305987
1616788
109790
192
762948
199441
2079234
1675686
1852377
288004
1842535
2269374
1811807
114527
1653480
2045208
1302
319795
1150469
420953
1090974
1849491
2697563
59737
391592
29385
675
1647413
2025492
1673076
300
504832
627343
53408
2182384
287
2599293
692370
2071607
497965
29384
1173025
1328314
13690
1634516
1034809
1358
347253
40214
2610896
2382163
315405
1294
1072256
1842534
587
862971
2419773
1945662
272630
326427
985002
2714937
218495
420889
54006
29379
1332080
223967
433659
150026
84032
1332264
690566
2566013
1032480
1300347
1748
2596828
1544730
2211210
2592654
266951
755731
37928
316276
33050
2714938
1283291
157782
203119
43771
1603606
29447
2714931
477641
2419774
446860
1176198
1871034
1677857
1348774
399497
394221
528244
1159327
2509459
317655
2070537
2518371
421525
264731
1146883
84135
2724619
575614
1236517
28135
266748
1324352
39777
526225
1177574
38301
28131
2594913
2716812
52
76123
2133944
227605
645127
1176533
667015
248315
646529
768704
1333996
147645
1443893
1842536
1367847
2589076
2341117
1564114
945844
1492898
2714923
2528642
700598
1545044
557760
2315862
397945
661488
1915078
2728020
1411902
1141883
1704307
1813871
2072590
2603277
1294273
553814
391905
1379270
34004
929713
871742
2571029
1077935
266
1076934
2599296
321327
29394
272123
847
2202827
2715211
1402135
477680
135740
179408
1173026
272942
1499308
246200
1538159
2502779
530564
496057
2065379
79329
2683284
379066
661481
2604421
1173027
2033435
1593482
2259595
2494374
2562284
561184
1938606
74033
1075
757424
1549855
648757
46234
2697032
82367
99598
2109915
137722
391595
1389011
1136179
1110502
2126319
543728
2579971
1920883
1850250
53344
239935
150056
2602067
2169400
2282170
202954
1250539
564137
2494550
1316593
1357915
2054
476157
203124
2599640
666509
37919
980254
2587858
643561
483547
29378
2070337
191610
1902245
569860
1766
639283
1891279
1969821
1284
388950
1826607
1288970
573065
2552942
1609966
683124
1664069
45243
398053
1750
1980001
375899
2500533
1345
2171755
2697569
70258
338969
94625
2029983
357809
28132
2756
837
433286
471857
2109690
78535
1229621
2086584
1679721
29391
649756
1379
927666
40215
2479767
52773
237258
1598
33035
43263
208479
1678129
105841
1596
2093742
2696063
610130
2664417
411470
488
585394
2060307
1834196
257708
490
515619
1019
2663009
160825
2714925
860
1581
888050
363952
596153
225992
69964
2144175
2604537
1324350
2018065
1756149
1926868
2488810
285
515622
393921
1288495
694427
1288636
28129
185008
316055
1064535
39488
821
2653853
1765049
1313172
1898203
492
2675754
487
1526658
495
1326
1230341
2023229
1805478
299768
2420300
2509614
2490633
323097
1307444
111015
316
1174529
1307
2592653
2483799
28449
880074
106648
1712410
1328
470
1123251
1293592
651182
29341
927704
889453
472569
158627
1196325
856
2565554
2708117
314260
81479
1283330
1932669
2575699
515620
428406
584
1867715
1310
858422
964
92645
2725666
190721
863372
2603276
43990
1078773
120045
83655
467705
573
585
305
120107
29459
2583588
388919
1585976
562
254
2664291
1241979
2044467
1617964
2039166
1224164
469383
1389489
406548
1276282
2005469
1196159
886293
1636152
2603296
1912856
1642
1530123
47421
2591109
1296669
645517
63
596154
2602015
137545
93219
29581
1707785
321984
2590869
366394
1247726
1933912
82996
2518599
614
368607
2664374
399741
279113
1005048
55508
1234380
300028
1653478
1827469
82380
2599308
1307833
247156
180282
440085
546269
2696058
1114965
1051973
1187956
2719588
1659
743721
72000
111780
2714935
1272
251229
1310165
172042
2662261
1644131
238
1679497
1427523
36805
273677
1112204
553174
1655
1497
2496867
1176587
469604
1914471
1424294
52771
2591145
2565556
1618022
69373
640511
1453429
29429
312285
76759
398578
2109914
101510
1469502
1920191
1561223
303
536441
1526412
37929
1458426
76731
69666
197614
2666127
2676868
509190
2498704
1511
1643322
71999
33033
366602
1458425
1546149
103816
642492
1641165
1122214
2041
1610493
1863
1493872
28450
247
105219
1173022
452863
75385
155892
1047172
1978566
2576904
459472
2597701
251221
1562970
213615
396513
56110
1704044
1827144
521674
2576902
129394
2161816
2716225
1749
453304
400065
2014887
104336
162496
1463158
155085
151783
639200
1833
1170562
374606
300019
395961
40216
2099387
2587808
460265
1903186
2082949
1082851
2590775
685565
1882682
2070347
46126
1869241
1619308
386
471853
2201350
1658665
1823
2201999
35
452662
221352
1598147
1228987
2420509
477245
68895
38310
269796
1458985
522306
820
537007
37448
1954171
1850374
2107713
75379
319707
1282737
2083052
1285901
429009
457423
33040
2709380
1898103
488447
121719
2488560
1756150
84292
420662
296591
162426
2564099
531844
52774
1744
1431246
2082188
754502
444444
685727
36822
571913
1534349
2171623
640132
1038856
983917
2094025
13035
373903
414778
1349
1505
891968
2663857
46127
521045
92947
84022
1118379
521096
979556
862966
221350
1830
78245
1842540
568704
36809
2547394
1914872
996
2070348
1936080
1526927
1215089
37326
28072
1185653
2294119
2040624
80869
1061
1763534
63737
2656761
1458492
395495
1094466
2116657
2109685
128785
1374
946333
329726
398580
551115
1784713
720554
2082386
333966
272943
862965
2201181
1829
1218801
2587852
1460372
1967666
649831
1679
82633
1811193
444597
200991
376174
682998
1582
2509458
56464
904291
623
861109
1763363
1597
1715720
2202149
1508404
69395
1904441
2541726
1170699
286727
381666
2508306
2320858
48
436515
796606
266940
1337936
2698682
57037
42858
2483033
482957
61015
13373
311182
1784
2518177
1176255
66692
1936081
2571746
28188
1346
515621
1534348
2666332
561879
471854
76335
946483
626932
2175091
2064643
2025876
395962
43989
2109943
1548548
748247
84531
2005460
216778
1654388
1789
546160
1311
1433126
135487
1492
240427
1296
2303505
1579316
1930764
1125847
485916
1783501
2662363
1642647
1642646
1415166
407035
1639
267128
823
504
28118
417368
29314
762982
1847728
246432
759362
480035
134047
626937
595536
2507159
693979
208439
29552
2585118
1796616
241244
116090
1802984
1690815
2587853
1825069
669
1641
1855912
1274631
1960083
683837
1265445
1423
1795
202956
250
264697
1963032
2072025
152268
1421
234267
2048654
1141221
1241978
293387
491915
558152
79883
28031
1120045
417367
72361
1077464
556325
269798
290399
2058624
224911
698737
1349819
2048898
1809410
1618207
1933880
2004644
121292
407020
37931
1678028
72758
1046624
323848
1163617
1403336
548476
1266925
1737425
161899
1348662
2488819
1285583
1121362
1437824
1223802
1188319
171865
648995
2184083
290340
1914525
35757
1242245
48296
360104
1641402
1785128
436717
106654
487316
108981
2004650
2499144
675635
1179773
1909293
1969806
1449976
2580515
2060726
364410
2294034
1586287
103733
648999
1909395
160699
2267833
358
400770
359
1176649
39692
369723
1447062
42197
2033844
434008
2587868
1122247
1031710
1205910
272568
1286180
194963
108980
59505
449447
1917441
537021
62977
1789224
134534
1871111
70348
1358004
471
643214
1671680
412690
1874630
33888
1795630
1804990
2109913
33887
46680
2603292
2169583
670052
674079
2609255
442
319939
1702043
1583098
76857
70255
1049583
980445
232721
69665
438753
981540
1740163
525326
1702325
33959
2528243
217203
1982042
1033837
2690380
45634
85698
43770
33010
2049935
633149
1224162
1736675
754252
1670800
2592334
652103
2722751
2067572
712310
2567884
119602
2714924
493
34085
1235441
450851
292913
617123
627192
1258574
2585119
2364787
147467
1622
679935
1834205
221109
693746
1605
2109688
2093857
1747
1532555
2585117
1609758
2576606
862969
47715
1479019
2715212
1051074
537973
2044912
1796613
292800
1408
1408186
2610895
35841
1938334
1796646
329854
82541
29347
991789
261164
1122984
1699622
337191
1763538
45610
535289
697329
246787
259536
2109687
365046
651561
622
1834198
112234
742737
2478464
2163011
69929
1633
84096
553973
106590
392593
1400053
862967
301301
1101443
371601
194197
1500843
1384484
185007
172045
1871021
47671
86040
28116
253703
818
1458465
2109691
2213200
76936
28028
580332
1271752
1385715
2724192
1227739
39694
267212
644801
324831
65741
445576
326523
1853276
548
1815583
486
1440052
539
158836
88719
1241982
1454619
1702221
2074
65958
489
433296
150055
47678
1566358
2497863
1335613
2026188
1297617
2026189
2707299
295405
2608254
340
1003239
2026191
445974
279058
2025949
2026186
2654284
2026190
1351
565
546
61647
994476
1484158
2066051
28901
545
2681309
582
2596949
1619313
1499973
67780
1235834
47770
204042
215689
1812935
1906744
59814
549
54736
633
624
1073999
1159613
571
670
550
299767
693444
1929246
1803865
1920128
208223
2492396
1712675
57706
881260
61645
1454377
552
367190
2697371
665914
577
695562
1920109
61648
2342
1579
182773
1587
1891675
640131
67824
637910
343509
2058152
66269
208224
158877
2579935
83683
1906275
551989
706191
563
693216
956149
1972431
618
667120
465817
1463165
138074
1074000
2566012
2071710
29494
333965
35703
1615494
633147
726
1134687
636
665913
554
2108399
2339259
1600
876
1878942
435998
1504
54291
44742
1590
133448
98785
712411
1635327
634499
55211
1300254
1416627
663
1074311
47917
53336
1159554
470933
360102
283686
891974
1458355
470934
2420306
61652
575
1905730
1231049
411468
1912897
1172562
135569
536231
207340
960
357276
1591088
40041
1042156
2107999
37372
1761012
158822
267363
67827
361101
1303590
61646
235279
1309
1366
316058
1231725
2259340
28113
69218
2652307
158823
1116231
1725232
90245
154288
102684
273119
1074467
197
2494701
187452
1601
82987
1381124
78398
907239
45498
51515
931866
82977
1076550
89059
488545
1624
680
2572923
413503
1851514
1727196
126385
703
1437823
579405
265883
104955
732
888027
758
35787
85404
1785995
749
75985
1263832
1432056
728
935897
901
666
762
1610
233412
1524976
1879050
1423721
465721
1304873
497725
542
454601
2724150
1338
189834
569
729
227942
1922217
265072
24
515393
221988
1130798
1275971
360911
340146
1121114
664683
1610576
1715860
29570
76853
2478662
2055
2169540
1661
446465
284034
1434191
2585135
2714945
2724914
2609252
215691
743718
2033869
1667168
2480625
607712
556288
2654547
2006110
607711
194196
2509457
2708338
2290922
69
478801
1849032
2079792
1403338
68210
2282656
1710
479433
1341
1756988
2567881
2528037
43674
511995
1300344
435591
489653
53451
2698900
807
1630135
2650158
655307
1029718
909952
582702
666685
1171377
615
553
2576406
864828
155615
380021
1149133
38313
1463164
632
638
648
301
2479547
